0.49873152,0.13824336
0.49873152,0.13650603
0.49875848,0.1347687
0.49875848,0.13332092
0.49875848,0.13187315
0.49875848,0.13013582
0.49878544,0.12839848
0.49878544,0.12666115
0.49878544,0.12492382
0.49878544,0.12289693
0.49878544,0.12144916
0.49878544,0.11942227
0.49878544,0.11739538
0.49878544,0.11536849
0.49878544,0.11363116
0.49878544,0.11160427
0.49878544,0.10957739
0.49878544,0.1075505
0.49878544,0.10552361
0.49875848,0.10349673
0.49875848,0.10146984
0.49875848,0.0991534
0.49873152,0.09712651
0.49870456,0.09481007
0.49870456,0.09249362
0.4986776,0.09046674
0.49865064,0.08843985
0.49862368,0.08612341
0.49856976,0.08380696
0.4985428,0.08178008
0.49848888,0.07946363
0.49846192,0.07685764
0.49838104,0.07454119
0.49832712,0.07222475
0.49824624,0.06990831
0.49816536,0.06759186
0.49808448,0.06527542
0.49794967,0.06266942
0.49784183,0.06035298
0.49768007,0.05774698
0.49749135,0.05543054
0.49727567,0.0531141
0.49703303,0.05079766
0.4967095,0.04819166
0.4963051,0.04558566
0.49579286,0.04326922
0.49509189,0.04066322
0.49414828,0.03834678
0.49269243,0.03574078
0.49031993,0.03313478