0.49871164,0.14002103
0.49870355,0.14147687
0.49869546,0.14293271
0.49868737,0.14429149
0.49867928,0.14555322
0.49867118,0.14686347
0.49866309,0.14822226
0.498655,0.14953251
0.49864691,0.15079424
0.49863949,0.15195891
0.4986314,0.15302653
0.49862398,0.15404562
0.49861724,0.15501618
0.4986105,0.15613232
0.49860375,0.15715141
0.49859768,0.15812197
0.49859229,0.15899547
0.4985869,0.15977192
0.49858218,0.16049984
0.49857746,0.16117923
0.49857408,0.16190715
0.49857071,0.16263507
0.49856802,0.16331446
0.49856532,0.16394533
0.4985633,0.16447913
0.49856262,0.16486736
0.49856195,0.16525558
0.49856195,0.16554675
0.49856262,0.16603203
0.49856397,0.16642025
0.49856599,0.16666289
0.49856869,0.16690553
0.49857206,0.16700259
0.49857611,0.16705112
0.4985815,0.16700259
0.4985869,0.16709964
0.49859296,0.16714817
0.49859971,0.16714817
0.4986078,0.16705112
0.49861589,0.166857
0.49862533,0.16661436
0.49863545,0.16627467
0.49864624,0.16588644
0.4986577,0.1656438
0.49866984,0.16535264
0.49868265,0.16491588
0.49869681,0.16447913
0.49871164,0.1638968
0.49872648,0.16321741
0.49874266,0.16253801
0.49875952,0.16185862
0.49877705,0.16122776
0.49879593,0.16054837
0.49881481,0.15977192
0.49883504,0.15889841
0.49885527,0.15797638
0.49887685,0.15700582
0.4988991,0.15593821
0.49892203,0.15491912
0.49894563,0.15394856
0.4989699,0.15288094
0.49899485,0.15181333