0.49927073,0.13969114
0.49929769,0.13795381
0.49932465,0.13679559
0.49937857,0.13534781
0.49940553,0.13418959
0.49943249,0.13303137
0.49945945,0.13187315
0.49948641,0.13071493
0.49954033,0.1295567
0.49956729,0.12810893
0.49962121,0.12666115
0.49964817,0.12521337
0.49967513,0.1237656
0.49972905,0.12231782
0.49975601,0.12087004
0.49980993,0.11942227
0.49983689,0.11768494
0.49989081,0.11623716
0.49991777,0.11449983
0.49997169,0.1127625
0.49999865,0.11102516
0.50005257,0.10928783
0.50010649,0.10784006
0.50013345,0.10610272
0.50018737,0.10436539
0.50024129,0.1023385
0.50029521,0.10031162
0.50032217,0.09857428
0.50040306,0.09683695
0.50043002,0.09509962
0.5005109,0.09278318
0.50053786,0.09104585
0.50059178,0.08901896
0.50067266,0.08699207
0.50072658,0.08467563
0.50080746,0.08264874
0.50086138,0.08062185
0.50094226,0.07859497
0.50102314,0.07656808
0.50110402,0.07454119
0.5011849,0.07222475
0.50126578,0.07019786
0.50137362,0.06788142
0.50148146,0.06556498
0.50158931,0.06353809
0.50172411,0.06122165
0.50188587,0.05890521
0.50204763,0.05658876
0.50223635,0.05456188
0.50247899,0.05224543
0.5027486,0.04992899
0.50307212,0.04761255
0.50347652,0.0452961
0.50398877,0.04297966
0.50466277,0.04066322
0.50557942,0.03834678
0.50695439,0.03603033
0.50919209,0.03371389