0.99503789,0.03912727
0.99550526,0.04327273
0.99589684,0.0472
0.99621263,0.05112727
0.99647158,0.05505455
0.99668632,0.05898182
0.99687579,0.06290909
0.99702737,0.06683636
0.99716,0.07054545
0.99726737,0.07447273
0.99735579,0.07796364
0.99742526,0.08167273
0.99748842,0.08538182
0.99753263,0.08865455
0.99757053,0.09214545
0.99759579,0.0952
0.99761474,0.09847273
0.99762737,0.10152727
0.99763368,0.10458182
0.99763368,0.10741818
0.99762737,0.11003636
0.99761474,0.11265455
0.99760842,0.11527273
0.99758947,0.11789091
0.99757053,0.12007273
0.99755158,0.12225455
0.99753263,0.12443636
0.99750737,0.1264
0.99748842,0.12836364
0.99746316,0.13010909
0.99744421,0.13185455
0.99741895,0.1336
0.99739368,0.13512727
0.99737474,0.13643636
0.99734947,0.13774545
0.99732421,0.13905455
0.99731158,0.14014545
0.99729263,0.14145455
0.99726737,0.14254545
0.99725474,0.14341818
0.99724211,0.14407273
0.99722947,0.14472727
0.99721684,0.14538182
0.99720421,0.14603636
0.99719158,0.14669091
0.99717895,0.14734545
0.99717263,0.148
0.99716,0.14843636
0.99715368,0.14909091
0.99717263,0.14952727
0.99719789,0.14930909
0.99722947,0.14909091
0.99725474,0.14887273
0.99728632,0.14821818
0.99731789,0.14778182
0.99735579,0.14712727
0.99739368,0.14625455
0.99743789,0.14538182
0.99748211,0.14450909
0.99753895,0.14341818
0.99759579,0.14232727
0.99765263,0.14123636
0.99772211,0.13992727
0.99779158,0.1384
0.99786737,0.13687273
0.99795579,0.13512727
0.99804421,0.13338182
0.99813895,0.13141818
0.99824632,0.12923636
0.99835368,0.12705455
0.99846737,0.12465455
0.99858737,0.12247273
0.99871368,0.11985455
0.99885263,0.11723636
0.99899158,0.1144
0.99913684,0.11134545
0.99929474,0.10829091
0.99945895,0.10523636
0.99962316,0.10196364
0.9998,0.09847273
0.99998316,0.09498182
1.00017263,0.09149091
1.00037474,0.088
1.00058316,0.08429091
1.00080421,0.08058182