1.00084199,0.06622951
1.00019733,0.07519126
0.99964115,0.08393443
0.99915449,0.09180328
0.99872472,0.09923497
0.99835815,0.10579235
0.9980611,0.11147541
0.99782093,0.11591985
0.99763764,0.11948998
0.99750492,0.12211293
0.99741643,0.12371585
0.99735955,0.12502732
0.99738483,0.12429872
0.99743539,0.12284153
0.99748596,0.12131148
0.99754916,0.11956284
0.99761868,0.11715847
0.99768188,0.11497268
0.9977514,0.11213115
0.99780829,0.10885246
0.99786517,0.10550091
0.99790309,0.10163934
0.99792205,0.0971949
0.99791573,0.0923133
0.99787149,0.08677596
0.99778301,0.08080146
0.997625,0.07387978
0.99736587,0.06630237
0.99697402,0.05799636
0.99639256,0.04961749
0.99548876,0.04058288
