
    STEP   DAMPING               NORMS              COMPUTATION TIMES
  IT SIT     GAMMA     ||d||     ||f||     ||U||   F(x)  DF(x)  SOLVE
   0                          6.96e-03  3.96e+00    0.0    0.0    0.0
   1   1  1.00e+00  5.71e-03  7.80e-08  3.96e+00    0.0    0.0    0.0
   2   1  1.00e+00  1.59e-06  4.71e-15  3.96e+00    0.0    0.0    0.0
   3   1  1.00e+00  1.75e-13  1.31e-15  3.96e+00    0.0    0.0    0.0

 STEP      TIME        ||U||  LABEL  TYPE     po.period            T
    0  00:00:00   3.9613e+00      1  EP      1.0471e-02   1.0472e-02
    4  00:00:00   2.4926e+00      2  EP      9.4248e-03   1.0472e-02

 STEP      TIME        ||U||  LABEL  TYPE     po.period            T
    0  00:00:00   3.9613e+00      3  EP      1.0471e-02   1.0472e-02
   10  00:00:00   1.5279e+01      4          1.1298e-02   1.0472e-02
   20  00:00:01   2.4495e+01      5          1.1595e-02   1.0472e-02
   30  00:00:02   3.2703e+01      6          1.1821e-02   1.0472e-02
   40  00:00:02   3.4545e+01      7          1.1952e-02   1.0472e-02
   45  00:00:03   3.4152e+01      8  SN      1.1965e-02   1.0472e-02
   50  00:00:03   3.2475e+01      9          1.1947e-02   1.0472e-02
   60  00:00:04   2.5654e+01     10          1.1858e-02   1.0472e-02
   65  00:00:04   2.0076e+01     11  SN      1.1832e-02   1.0472e-02
   70  00:00:05   1.1633e+01     12          1.1934e-02   1.0472e-02
   80  00:00:05   3.8609e+00     13          1.3586e-02   1.0472e-02
   90  00:00:06   4.6509e+00     14          1.5730e-02   1.0472e-02
  100  00:00:06   5.9749e+00     15          1.7917e-02   1.0472e-02
  110  00:00:07   1.2314e+01     16          1.9490e-02   1.0472e-02
  117  00:00:08   2.0043e+01     17  SN      1.9593e-02   1.0472e-02
  120  00:00:08   2.5290e+01     18          1.9572e-02   1.0472e-02
  130  00:00:09   3.2617e+01     19          1.9518e-02   1.0472e-02
  131  00:00:09   3.2740e+01     20  SN      1.9518e-02   1.0472e-02
  140  00:00:10   3.1902e+01     21          1.9551e-02   1.0472e-02
  150  00:00:10   2.5562e+01     22          1.9700e-02   1.0472e-02
  160  00:00:11   1.5101e+01     23          1.9919e-02   1.0472e-02
  170  00:00:12   6.5683e+00     24          2.0199e-02   1.0472e-02
  180  00:00:12   5.4553e+00     25          2.0748e-02   1.0472e-02
  190  00:00:13   7.1161e+00     26          2.1359e-02   1.0472e-02
  200  00:00:14   1.8541e+01     27          2.2463e-02   1.0472e-02
  210  00:00:16   3.0340e+01     28          2.3029e-02   1.0472e-02
  216  00:00:16   3.5554e+01     29  EP      2.3271e-02   1.0472e-02
